122
2.000000 0.000000 1 0 -0.194151 0.098017 -0.976062
0.000000 2.000000 0.000000
0.000000 0.000000 0.000000
0.000000 0.000000 0.000000
1.000000 0.000000 0.000000 0.000000
0.800000 0.800000 0.800000
0.500000
0.500000 1.000000 0 0 0.831470 0.000000 0.555570
-175.600250 0.507785 36.685295
-1.891462 0.004462 0.375491
0.751473 0.000000 3.793567
0.211327 0.069445 -0.314627 0.922783
0.700000 1.000000 0.400000
0.500000
0.500000 1.000000 0 0 -0.980785 0.000000 0.195090
-174.488342 0.507343 38.200874
-1.893908 0.004475 0.395138
0.786565 -0.000000 3.770069
0.869957 -0.157833 -0.088395 0.458748
1.000000 0.400000 0.700000
0.500000
0.500000 1.000000 0 0 0.707107 0.000000 -0.707107
-259.579315 0.501532 -30.853083
-2.834407 -0.009089 -0.361390
-0.727738 0.000000 5.673893
-0.874601 0.167029 -0.164150 0.424534
0.400000 0.700000 1.000000
0.500000
0.500000 1.000000 0 0 0.194151 -0.098017 0.976063
-167.209793 0.503808 -211.049774
-1.854032 -0.009169 -2.388656
-4.765921 -0.000001 3.701205
0.604767 0.595962 0.125307 -0.513209
0.700000 1.000000 0.400000
0.500000
0.500000 1.000000 0 0 -0.703702 -0.098017 -0.703702
170.536758 0.500785 -143.649033
1.893345 0.004520 -1.630766
-3.262677 -0.000000 -3.787893
0.506240 -0.617971 0.061776 -0.598345
1.000000 0.400000 0.700000
0.500000
0.500000 1.000000 0 0 0.995185 -0.098017 0.000000
-233.736649 0.500312 -61.342274
-2.620986 -0.009058 -0.712875
-1.411689 0.000000 5.231812
0.251494 -0.357165 -0.204184 0.876067
0.400000 0.700000 1.000000
0.500000
0.866025 2.000000 0 1 0.500000 0.500000 0.500000
-51.552109 0.503018 28.704653
0.000000 0.000000 0.000000
0.000000 0.000000 0.000000
-0.698518 -0.698552 -0.109780 0.109758
0.800000 1.000000 0.200000
0.500000
0.866025 2.000000 0 1 0.500000 0.500000 0.500000
-53.743702 0.509016 -16.719744
0.000000 0.000000 0.000000
0.000000 0.000000 0.000000
0.547406 0.547416 0.447575 -0.447614
1.000000 0.400000 0.600000
0.500000
0.866025 2.000000 0 1 0.500000 0.500000 0.500000
20.593298 0.505420 6.282954
0.000000 0.000000 0.000000
0.000000 0.000000 0.000000
0.063199 0.063175 0.704285 -0.704271
0.600000 0.700000 1.000000
0.500000
0.866025 2.000000 0 1 0.500000 0.500000 0.500000
-38.100727 0.509375 -44.745213
0.000000 0.000000 0.000000
-0.045930 -0.000000 0.034241
0.997382 -0.000027 -0.072312 0.000000
0.800000 1.000000 0.200000
0.500000
0.866025 2.000000 0 1 0.500000 0.500000 0.500000
23.190779 0.505054 -52.352226
0.000000 0.000000 0.000000
0.055502 -0.000000 0.014198
-0.681952 -0.681968 -0.186913 0.186883
1.000000 0.400000 0.600000
0.500000
0.866025 2.000000 0 1 0.500000 0.500000 0.500000
-6.699734 0.510109 -6.972751
0.000000 0.000000 0.000000
0.003235 -0.000000 0.024117
0.000045 -0.896336 0.000132 0.443375
0.600000 0.700000 1.000000
0.500000
0.866025 2.000000 0 1 0.500000 0.500000 0.500000
-22.548220 0.506562 -56.597359
0.000000 0.000000 0.000000
0.045483 0.000000 0.034834
0.531825 0.531863 -0.465989 0.465981
0.800000 1.000000 0.200000
0.500000
0.866025 2.000000 0 1 0.500000 0.500000 0.500000
-12.203304 0.503800 -44.805248
0.000000 0.000000 0.000000
0.000000 0.000000 0.000000
0.005303 -0.005341 -0.707099 -0.707074
1.000000 0.400000 0.600000
0.500000
0.866025 2.000000 0 1 0.500000 0.500000 0.500000
-28.199478 0.508489 -33.968704
0.000000 0.000000 0.000000
0.000000 0.000000 0.000000
-0.267778 0.654468 0.654426 -0.267756
0.600000 0.700000 1.000000
0.500000
0.866025 2.000000 0 1 0.500000 0.500000 0.500000
-27.140976 0.505734 -68.688751
0.000000 0.000000 0.000000
0.000000 0.000000 0.000000
-0.376090 0.598809 0.598786 -0.376084
0.800000 1.000000 0.200000
0.500000
0.866025 2.000000 0 1 0.500000 0.500000 0.500000
-23.724541 0.509880 -88.176056
0.000000 0.000000 0.000000
-0.021172 0.000000 0.053232
-0.000006 0.202023 0.000002 0.979381
1.000000 0.400000 0.600000
0.500000
0.866025 2.000000 0 1 0.500000 0.500000 0.500000
-12.318990 0.505294 -43.596684
0.000000 0.000000 0.000000
0.000000 0.000000 0.000000
-0.040647 0.705939 -0.705935 0.040661
0.600000 0.700000 1.000000
0.500000
0.866025 2.000000 0 1 0.500000 0.500000 0.500000
-4.087466 0.508899 -37.471516
0.000000 0.000000 0.000000
0.000000 0.000000 0.000000
-0.509121 -0.490691 0.490707 0.509141
0.800000 1.000000 0.200000
0.500000
0.866025 2.000000 0 1 0.500000 0.500000 0.500000
-10.385117 0.508164 -43.747520
0.000000 0.000000 0.000000
0.000000 0.000000 0.000000
0.688055 -0.688064 0.163014 0.163017
1.000000 0.400000 0.600000
0.500000
0.866025 2.000000 0 1 0.500000 0.500000 0.500000
-24.501551 0.504412 -50.321140
0.000000 0.000000 0.000000
0.000000 0.000000 0.000000
0.000010 -0.464841 -0.000010 0.885394
0.600000 0.700000 1.000000
0.500000
0.866025 2.000000 0 1 0.500000 0.500000 0.500000
-17.290920 0.505678 -53.905975
0.000000 0.000000 0.000000
0.056720 0.000000 -0.008049
-0.894636 -0.000016 -0.446797 -0.000007
0.800000 1.000000 0.200000
0.500000
0.866025 2.000000 0 1 0.500000 0.500000 0.500000
-23.155935 0.507583 -58.622589
0.000000 0.000000 0.000000
-0.038204 0.000000 -0.042691
0.726418 0.000013 0.687253 -0.000018
1.000000 0.400000 0.600000
0.500000
0.866025 2.000000 0 1 0.500000 0.500000 0.500000
-25.572567 0.508044 -53.725010
0.000000 0.000000 0.000000
0.000000 0.000000 0.000000
0.694966 0.000001 -0.719043 -0.000019
0.600000 0.700000 1.000000
0.500000
0.866025 2.000000 0 1 0.500000 0.500000 0.500000
-23.127886 0.502877 -57.560970
0.000000 0.000000 0.000000
0.000000 0.000000 0.000000
0.482293 -0.517124 0.517101 -0.482268
0.800000 1.000000 0.200000
0.500000
0.866025 2.000000 0 1 0.500000 0.500000 0.500000
-27.192379 0.511642 -53.992023
0.000000 0.000000 0.000000
-0.040766 -0.000000 0.039209
-0.010067 0.000582 -0.999949 -0.000079
1.000000 0.400000 0.600000
0.500000
0.866025 2.000000 0 1 0.500000 0.500000 0.500000
-22.958860 0.504797 -40.081169
0.000000 0.000000 0.000000
0.000000 0.000000 0.000000
-0.326563 -0.326538 0.627183 -0.627192
0.600000 0.700000 1.000000
0.500000
0.866025 2.000000 0 1 0.500000 0.500000 0.500000
-49.458473 0.503878 -35.348911
0.000000 0.000000 0.000000
0.000000 0.000000 0.000000
-0.691153 -0.691129 -0.149435 0.149392
0.800000 1.000000 0.200000
0.500000
0.866025 2.000000 0 1 0.500000 0.500000 0.500000
-20.953445 0.510601 -45.389088
0.000000 0.000000 0.000000
0.035304 -0.041680 0.083448
-0.605688 -0.364250 0.364816 0.606113
1.000000 0.400000 0.600000
0.500000
0.866025 2.000000 0 1 0.500000 0.500000 0.500000
-24.200251 0.510145 -56.428978
0.000000 0.000000 0.000000
0.016016 -0.000000 -0.054985
-0.360172 -0.360189 -0.608458 0.608538
0.600000 0.700000 1.000000
0.500000
0.866025 2.000000 0 1 0.500000 0.500000 0.500000
-22.330605 0.508025 -38.849911
0.000000 0.000000 0.000000
-0.037147 -0.000000 0.043612
-0.519556 0.479633 0.479646 -0.519570
0.800000 1.000000 0.200000
0.500000
0.866025 2.000000 0 1 0.500000 0.500000 0.500000
-4.247036 0.502535 -76.827278
0.000000 0.000000 0.000000
0.000000 0.000000 0.000000
0.000023 -0.983115 -0.000017 0.182989
1.000000 0.400000 0.600000
0.500000
0.866025 2.000000 0 1 0.500000 0.500000 0.500000
-37.763329 0.510077 -40.555286
0.000000 0.000000 0.000000
0.000000 0.000000 0.000000
-0.143749 0.692396 0.692276 -0.143796
0.600000 0.700000 1.000000
0.500000
0.866025 2.000000 0 1 0.500000 0.500000 0.500000
57.238949 0.502225 -0.475815
0.000000 0.000000 0.000000
0.000000 0.000000 0.000000
0.000014 0.489697 0.000004 -0.871893
0.800000 1.000000 0.200000
0.500000
0.866025 2.000000 0 1 0.500000 0.500000 0.500000
9.583582 0.503172 -55.954933
0.000000 0.000000 0.000000
0.000000 0.000000 0.000000
0.425119 0.565034 -0.565064 -0.425103
1.000000 0.400000 0.600000
0.500000
0.866025 2.000000 0 1 0.500000 0.500000 0.500000
12.465269 0.504946 -83.236221
0.000000 0.000000 0.000000
-0.055352 0.000000 0.014773
0.866265 -0.000015 0.499584 -0.000018
0.600000 0.700000 1.000000
0.500000
0.866025 2.000000 0 1 0.500000 0.500000 0.500000
16.590038 0.508058 -76.121819
0.000000 0.000000 0.000000
0.000000 0.000000 0.000000
-0.306487 -0.306501 -0.637245 0.637214
0.800000 1.000000 0.200000
0.500000
0.866025 2.000000 0 1 0.500000 0.500000 0.500000
26.241747 0.509601 -97.264954
0.000000 0.000000 0.000000
0.000000 0.000000 0.000000
-0.004397 0.004412 0.707100 0.707086
1.000000 0.400000 0.600000
0.500000
0.866025 2.000000 0 1 0.500000 0.500000 0.500000
28.781485 0.503029 -36.623810
0.000000 0.000000 0.000000
0.057269 0.000000 0.001545
0.649555 0.649592 -0.279388 0.279377
0.600000 0.700000 1.000000
0.500000
0.866025 2.000000 0 1 0.500000 0.500000 0.500000
11.396387 0.643466 -22.948034
0.000000 0.000000 0.000000
-0.055768 -0.006800 -0.059811
0.206671 0.000372 0.681918 -0.701623
0.800000 1.000000 0.200000
0.500000
0.866025 2.000000 0 1 0.500000 0.500000 0.500000
10.847877 0.510157 -33.644691
0.000000 0.000000 0.000000
0.000000 0.000000 0.000000
-0.078941 -0.000077 -0.996879 0.000107
1.000000 0.400000 0.600000
0.500000
0.866025 2.000000 0 1 0.500000 0.500000 0.500000
9.919249 0.510193 -32.171055
0.000000 0.000000 0.000000
0.047870 0.000000 -0.031417
-0.446424 0.446286 0.548344 0.548502
0.600000 0.700000 1.000000
0.500000
0.866025 2.000000 0 1 0.500000 0.500000 0.500000
29.171926 0.507333 -77.602539
0.000000 0.000000 0.000000
-0.039519 -0.000000 0.041477
0.493941 0.493899 0.506003 -0.506010
0.800000 1.000000 0.200000
0.500000
0.866025 2.000000 0 1 0.500000 0.500000 0.500000
-0.184884 0.503274 7.845270
0.000000 0.000000 0.000000
0.023172 0.000000 0.052394
0.183455 -0.000016 0.983028 0.000011
1.000000 0.400000 0.600000
0.500000
0.866025 2.000000 0 1 0.500000 0.500000 0.500000
-6.657224 0.506418 5.601028
0.000000 0.000000 0.000000
0.070445 -0.037776 0.053475
0.183000 -0.000035 -0.983113 -0.000084
0.600000 0.700000 1.000000
0.500000
0.866025 2.000000 0 1 0.500000 0.500000 0.500000
-9.015386 0.510617 -1.406333
0.000000 0.000000 0.000000
-0.053322 0.000000 0.020772
0.691964 -0.692134 -0.144935 -0.145360
0.800000 1.000000 0.200000
0.500000
0.866025 2.000000 0 1 0.500000 0.500000 0.500000
-9.437194 0.508589 -40.535786
0.000000 0.000000 0.000000
0.000000 0.000000 0.000000
0.760155 -0.000009 -0.649742 -0.000015
1.000000 0.400000 0.600000
0.500000
0.866025 2.000000 0 1 0.500000 0.500000 0.500000
-15.610603 0.507120 -55.810223
0.000000 0.000000 0.000000
0.000000 0.000000 0.000000
0.724981 -0.000001 0.688769 -0.000021
0.600000 0.700000 1.000000
0.500000
0.866025 2.000000 0 1 0.500000 0.500000 0.500000
-17.955984 0.509150 -49.677361
0.000000 0.000000 0.000000
0.000000 0.000000 0.000000
0.601138 0.000015 0.799145 -0.000021
0.800000 1.000000 0.200000
0.500000
0.866025 2.000000 0 1 0.500000 0.500000 0.500000
-15.627468 0.510163 -45.906509
0.000000 0.000000 0.000000
-0.046222 -0.000000 -0.033824
0.997052 0.000020 0.076723 0.000079
1.000000 0.400000 0.600000
0.500000
0.866025 2.000000 0 1 0.500000 0.500000 0.500000
-15.209273 0.509947 -44.768803
0.000000 0.000000 0.000000
0.000000 0.000000 0.000000
0.586064 -0.000004 0.810265 -0.000001
0.600000 0.700000 1.000000
0.500000
0.866025 2.000000 0 1 0.500000 0.500000 0.500000
-13.923557 0.503576 -43.197308
0.000000 0.000000 0.000000
0.000000 0.000000 0.000000
0.862576 -0.000016 0.505927 -0.000009
0.800000 1.000000 0.200000
0.500000
0.866025 2.000000 0 1 0.500000 0.500000 0.500000
-24.234718 0.507032 -52.915344
0.000000 0.000000 0.000000
0.056720 -0.000000 0.008053
0.948549 0.000014 0.316631 0.000001
1.000000 0.400000 0.600000
0.500000
0.866025 2.000000 0 1 0.500000 0.500000 0.500000
-12.509240 0.507543 -36.775047
0.000000 0.000000 0.000000
-0.077951 -0.000112 0.021180
0.548412 -0.000028 -0.836209 0.000027
0.600000 0.700000 1.000000
0.500000
0.866025 2.000000 0 1 0.500000 0.500000 0.500000
-21.257786 0.503687 -39.744282
0.000000 0.000000 0.000000
0.000000 0.000000 0.000000
0.819648 0.000006 0.572867 -0.000035
0.800000 1.000000 0.200000
0.500000
0.866025 2.000000 0 1 0.500000 0.500000 0.500000
-27.060017 0.502276 -41.951855
0.000000 0.000000 0.000000
0.056807 0.000000 0.007417
0.897107 0.000020 -0.441813 -0.000008
1.000000 0.400000 0.600000
0.500000
0.866025 2.000000 0 1 0.500000 0.500000 0.500000
-37.788761 0.507467 -50.625305
0.000000 0.000000 0.000000
0.000000 0.000000 0.000000
0.849764 -0.000004 0.527163 0.000001
0.600000 0.700000 1.000000
0.500000
0.866025 2.000000 0 1 0.500000 0.500000 0.500000
-40.552429 0.504422 -44.239239
0.000000 0.000000 0.000000
0.000000 0.000000 0.000000
0.997818 -0.000002 -0.066022 -0.000026
0.800000 1.000000 0.200000
0.500000
0.866025 2.000000 0 1 0.500000 0.500000 0.500000
-37.683746 0.501939 -0.689203
0.000000 0.000000 0.000000
0.000000 0.000000 0.000000
-0.491963 -0.507927 -0.507890 -0.491965
1.000000 0.400000 0.600000
0.500000
0.866025 2.000000 0 1 0.500000 0.500000 0.500000
-39.313148 0.502607 -36.188866
0.000000 0.000000 0.000000
-0.040589 0.000000 0.040428
-1.000000 0.000004 0.000999 -0.000004
0.600000 0.700000 1.000000
0.500000
0.866025 2.000000 0 1 0.500000 0.500000 0.500000
-25.862843 0.506736 33.674271
0.000000 0.000000 0.000000
0.047955 0.000000 0.031341
-0.000013 0.103090 -0.000007 0.994672
0.800000 1.000000 0.200000
0.500000
0.500000 1.000000 0 0 0.000000 0.000000 0.000000
-89.876961 0.504587 -8.365627
-1.437390 0.004702 -0.159524
-0.317897 -0.000000 2.864439
-0.705542 -0.078154 0.000001 0.704345
1.000000 0.400000 0.700000
0.500000
0.500000 1.000000 0 0 0.000000 0.000000 0.000000
-36.388668 0.509212 4.109844
0.011946 0.003609 0.202607
0.407028 -0.000000 -0.031046
0.089680 -0.905397 -0.414854 -0.010484
0.400000 0.700000 1.000000
0.500000
0.500000 1.000000 0 0 0.000000 0.000000 0.000000
-49.204857 0.502468 -7.816920
-0.564787 0.004611 -0.271498
-0.555644 0.000003 1.126212
0.967946 0.189409 -0.063672 -0.152156
0.700000 1.000000 0.400000
0.500000
0.500000 1.000000 0 0 0.000000 0.000000 0.000000
-39.204834 0.500729 212.959610
-0.773680 -0.009164 4.044302
8.089919 -0.000000 1.547606
0.971482 0.232907 -0.000000 0.044463
1.000000 0.400000 0.700000
0.500000
0.500000 1.000000 0 0 0.000000 0.000000 0.000000
-36.803169 0.501749 208.549500
-0.715061 0.004530 3.889646
7.784465 0.000000 1.431239
-0.135168 0.974488 -0.000048 0.179171
0.400000 0.700000 1.000000
0.500000
0.500000 1.000000 0 0 0.000000 0.000000 0.000000
-38.275200 0.501288 208.202698
-0.746652 0.004578 3.904853
7.827878 0.000000 1.496765
-0.085696 0.978592 -0.000023 0.187118
0.700000 1.000000 0.400000
0.500000
0.500000 1.000000 0 0 0.000000 0.000000 0.000000
47.226479 0.504083 181.742920
0.902615 -0.009332 3.552466
7.119166 -0.000000 -1.808797
0.909541 -0.402820 0.000039 0.102326
1.000000 0.400000 0.700000
0.500000
0.500000 1.000000 0 0 0.000000 0.000000 0.000000
-83.350899 0.507213 -167.859467
-1.717127 0.006281 -3.495925
-6.985807 0.000000 3.431124
0.725159 -0.612058 -0.003416 0.315464
0.400000 0.700000 1.000000
0.500000
0.500000 1.000000 0 0 0.000000 0.000000 0.000000
-87.760201 0.504616 -158.254227
-1.779000 -0.009364 -3.076865
-6.145892 0.000000 3.553452
0.967872 -0.221015 0.009383 0.119533
0.700000 1.000000 0.400000
0.500000
0.500000 1.000000 0 0 0.000000 0.000000 0.000000
-80.511200 0.509252 -157.335510
-1.559999 -0.009176 -3.056764
-6.115721 -0.000000 3.120831
-0.640390 -0.680480 0.005992 0.356106
1.000000 0.400000 0.700000
0.500000
0.500000 1.000000 0 0 0.000000 0.000000 0.000000
-83.550934 0.504512 -153.123306
-1.692978 -0.009191 -2.980616
-5.962529 -0.000002 3.396262
0.938249 -0.297452 0.015762 0.175961
0.400000 0.700000 1.000000
0.500000
0.500000 1.000000 0 0 0.000000 0.000000 0.000000
-80.520744 0.501072 -162.192886
-1.603652 0.004337 -3.281243
-6.562244 0.000001 3.207158
0.501226 -0.772480 -0.017775 0.389527
0.700000 1.000000 0.400000
0.500000
0.500000 1.000000 0 0 0.000000 0.000000 0.000000
-80.099976 0.502427 -154.312454
-1.594188 0.004387 -3.022030
-6.054195 -0.000003 3.193695
0.978693 -0.182265 0.001856 0.094530
1.000000 0.400000 0.700000
0.500000
0.500000 1.000000 0 0 0.000000 0.000000 0.000000
-76.156052 0.502237 -147.637955
-1.480482 0.004543 -2.837049
-5.660017 0.000003 2.968738
0.631046 0.687548 -0.000004 -0.359247
0.400000 0.700000 1.000000
0.500000
0.500000 1.000000 0 0 0.000000 0.000000 0.000000
-48.128883 0.503565 -92.557747
-1.051044 -0.007973 -2.418352
-4.832671 -0.000000 2.109745
-0.970431 -0.218959 0.075694 0.067765
0.700000 1.000000 0.400000
0.500000
0.500000 1.000000 0 0 0.000000 0.000000 0.000000
-50.537971 0.509748 113.754776
-1.371005 -0.009313 3.136199
6.281743 0.000000 2.746146
-0.738566 -0.617730 -0.000030 -0.270055
1.000000 0.400000 0.700000
0.500000
0.500000 1.000000 0 0 0.000000 0.000000 0.000000
-36.660686 0.505644 -47.368702
0.039292 0.000650 -0.241253
-0.484339 -0.000000 -0.085600
0.823521 0.201668 0.336082 0.410113
0.400000 0.700000 1.000000
0.500000
0.500000 1.000000 0 0 0.000000 0.000000 0.000000
-52.192795 0.501346 112.937485
-1.428809 0.004426 3.139065
6.282436 0.000000 2.859579
-0.826830 -0.511914 0.000019 -0.233017
0.700000 1.000000 0.400000
0.500000
0.866025 2.000000 0 1 0.500000 0.500000 0.500000
1.471147 0.509263 -21.468403
0.000000 0.000000 0.000000
-0.014663 -0.000000 0.055382
0.612905 -0.612889 -0.352668 -0.352618
1.000000 0.400000 0.600000
0.500000
0.866025 2.000000 0 1 0.500000 0.500000 0.500000
-9.975338 0.500487 8.981820
0.000000 0.000000 0.000000
0.000000 0.000000 0.000000
-0.304937 0.304964 0.637963 0.637977
0.600000 0.700000 1.000000
0.500000
0.866025 2.000000 0 1 0.500000 0.500000 0.500000
9.770785 0.506410 -44.386963
0.000000 0.000000 0.000000
0.000000 0.000000 0.000000
-0.000008 -0.387993 0.000016 -0.921662
0.800000 1.000000 0.200000
0.500000
0.866025 2.000000 0 1 0.500000 0.500000 0.500000
-35.947388 0.510364 7.780537
0.000000 0.000000 0.000000
-0.104349 0.000000 0.020836
0.623347 0.623601 0.333576 -0.333596
1.000000 0.400000 0.600000
0.500000
0.866025 2.000000 0 1 0.500000 0.500000 0.500000
19.527838 0.510424 -58.674271
0.000000 0.000000 0.000000
0.010187 0.000000 0.056351
0.298671 0.000267 0.954356 -0.000104
0.600000 0.700000 1.000000
0.500000
0.866025 2.000000 0 1 0.500000 0.500000 0.500000
4.612321 0.505980 -87.256203
0.000000 0.000000 0.000000
0.000000 0.000000 0.000000
-0.707084 0.004002 -0.004022 0.707106
0.800000 1.000000 0.200000
0.500000
0.866025 2.000000 0 1 0.500000 0.500000 0.500000
33.462479 0.509954 -67.613197
0.000000 0.000000 0.000000
0.043689 -0.000000 -0.037060
0.040945 0.000026 0.999161 0.000024
1.000000 0.400000 0.600000
0.500000
0.866025 2.000000 0 1 0.500000 0.500000 0.500000
-19.203115 0.506991 -106.388008
0.000000 0.000000 0.000000
0.000000 0.000000 0.000000
0.000027 0.987651 -0.000012 -0.156671
0.600000 0.700000 1.000000
0.500000
0.866025 2.000000 0 1 0.500000 0.500000 0.500000
-18.897198 0.510040 -105.221466
0.000000 0.000000 0.000000
-0.039097 -0.000000 0.041869
0.000048 0.999853 0.000018 -0.017127
0.800000 1.000000 0.200000
0.500000
0.866025 2.000000 0 1 0.500000 0.500000 0.500000
-19.047766 0.503390 -103.902336
0.000000 0.000000 0.000000
0.053610 -0.002601 -0.056418
0.996884 -0.000061 -0.078876 -0.000042
1.000000 0.400000 0.600000
0.500000
0.866025 2.000000 0 1 0.500000 0.500000 0.500000
-14.965877 0.503347 -105.110489
0.000000 0.000000 0.000000
-0.011724 0.049210 0.088068
-0.319407 0.319505 -0.630887 -0.630775
0.600000 0.700000 1.000000
0.500000
0.866025 2.000000 0 1 0.500000 0.500000 0.500000
-19.594744 0.508774 -97.534622
0.000000 0.000000 0.000000
0.000000 0.000000 0.000000
0.279467 -0.279439 0.649550 0.649536
0.800000 1.000000 0.200000
0.500000
0.866025 2.000000 0 1 0.500000 0.500000 0.500000
-21.586775 0.503074 -92.316460
0.000000 0.000000 0.000000
0.012768 -0.000000 -0.055848
0.342148 -0.618808 0.618824 -0.342153
1.000000 0.400000 0.600000
0.500000
0.866025 2.000000 0 1 0.500000 0.500000 0.500000
-3.635418 0.509072 -117.753975
0.000000 0.000000 0.000000
-0.014534 0.000000 0.055414
-0.351939 -0.351912 -0.613303 0.613316
0.600000 0.700000 1.000000
0.500000
0.866025 2.000000 0 1 0.500000 0.500000 0.500000
-26.029797 0.503697 -112.898834
0.000000 0.000000 0.000000
-0.031337 0.001837 0.048112
0.677786 -0.677808 0.201533 0.201414
0.800000 1.000000 0.200000
0.500000
0.866025 2.000000 0 1 0.500000 0.500000 0.500000
-2.506030 0.509903 -136.073212
0.000000 0.000000 0.000000
0.000000 0.000000 0.000000
0.806627 -0.000004 -0.591061 -0.000017
1.000000 0.400000 0.600000
0.500000
0.866025 2.000000 0 1 0.500000 0.500000 0.500000
-10.183661 0.506473 -119.129822
0.000000 0.000000 0.000000
0.000000 0.000000 0.000000
-0.671670 0.221062 0.221043 -0.671662
0.600000 0.700000 1.000000
0.500000
0.866025 2.000000 0 1 0.500000 0.500000 0.500000
-2.451447 0.505293 -109.936005
0.000000 0.000000 0.000000
-0.003397 -0.000000 0.057188
-0.251114 0.251091 0.661024 0.661016
0.800000 1.000000 0.200000
0.500000
0.866025 2.000000 0 1 0.500000 0.500000 0.500000
-0.650972 0.501575 -70.747757
0.000000 0.000000 0.000000
0.000000 0.000000 0.000000
-0.224234 0.224261 -0.670598 -0.670615
1.000000 0.400000 0.600000
0.500000
0.866025 2.000000 0 1 0.500000 0.500000 0.500000
-22.260691 0.500928 -113.880661
0.000000 0.000000 0.000000
0.000000 0.000000 0.000000
-0.400052 0.400021 0.583069 0.583071
0.600000 0.700000 1.000000
0.500000
0.866025 2.000000 0 1 0.500000 0.500000 0.500000
-14.076468 0.508333 -119.390129
0.000000 0.000000 0.000000
-0.030686 0.039747 0.112411
0.699645 0.102268 0.102369 0.699685
0.800000 1.000000 0.200000
0.500000
0.866025 2.000000 0 1 0.500000 0.500000 0.500000
-11.750637 0.508069 -118.401207
0.000000 0.000000 0.000000
0.000000 0.000000 0.000000
0.626680 0.327555 0.327564 0.626643
1.000000 0.400000 0.600000
0.500000
0.866025 2.000000 0 1 0.500000 0.500000 0.500000
-13.473978 0.506428 -118.269264
0.000000 0.000000 0.000000
-0.018844 0.011092 0.063712
0.957196 -0.000003 -0.289442 0.000019
0.600000 0.700000 1.000000
0.500000
0.866025 2.000000 0 1 0.500000 0.500000 0.500000
-19.921581 0.507697 -136.510544
-0.066956 0.004734 -0.198810
0.314350 -0.060419 0.061634
-0.649286 0.277788 0.276063 -0.651959
0.800000 1.000000 0.200000
0.500000
0.866025 2.000000 0 1 0.500000 0.500000 0.500000
-23.357664 0.502900 -133.407272
-0.116921 0.048878 -0.386661
0.251515 -0.046768 0.185419
-0.000868 -0.517576 -0.000212 -0.855637
1.000000 0.400000 0.600000
0.500000
0.866025 2.000000 0 1 0.500000 0.500000 0.500000
-13.312670 0.505660 -116.810242
0.000000 0.000000 0.000000
0.000000 0.000000 0.000000
0.607924 -0.607946 0.361119 0.361142
0.600000 0.700000 1.000000
0.500000
0.866025 2.000000 0 1 0.500000 0.500000 0.500000
-16.338409 0.510116 -122.922508
0.000000 0.000000 0.000000
0.041436 -0.000267 -0.008821
-0.000081 -0.891043 -0.000029 0.453919
0.800000 1.000000 0.200000
0.500000
0.866025 2.000000 0 1 0.500000 0.500000 0.500000
-9.739843 0.504629 -117.644012
0.000000 0.000000 0.000000
0.000000 0.000000 0.000000
-0.409051 0.409061 0.576789 0.576768
1.000000 0.400000 0.600000
0.500000
0.866025 2.000000 0 1 0.500000 0.500000 0.500000
-15.041096 0.507723 -99.992493
0.000000 0.000000 0.000000
0.000000 0.000000 0.000000
0.331297 0.000020 -0.943526 -0.000005
0.600000 0.700000 1.000000
0.500000
0.866025 2.000000 0 1 0.500000 0.500000 0.500000
-15.103305 0.509422 -115.603798
0.000000 0.000000 0.000000
-0.055628 0.000000 0.013696
0.347316 0.347285 -0.615931 0.615950
0.800000 1.000000 0.200000
0.500000
0.866025 2.000000 0 1 0.500000 0.500000 0.500000
-25.570070 0.504155 -107.226425
0.000000 0.000000 0.000000
-0.004625 -0.052805 -0.089653
-0.651515 -0.274872 -0.274961 -0.651437
1.000000 0.400000 0.600000
0.500000
0.866025 2.000000 0 1 0.500000 0.500000 0.500000
-21.754555 0.504052 -71.421509
0.000000 0.000000 0.000000
0.000000 0.000000 0.000000
-0.576625 0.576624 -0.409256 -0.409291
0.600000 0.700000 1.000000
0.500000
0.866025 2.000000 0 1 0.500000 0.500000 0.500000
0.426776 0.507162 -124.569992
0.010466 0.023321 -1.173328
0.383924 -0.011291 0.007363
0.657155 -0.256989 0.257156 -0.660284
0.800000 1.000000 0.200000
0.500000
0.866025 2.000000 0 1 0.500000 0.500000 0.500000
-15.099830 0.510617 -54.771881
0.000000 0.000000 0.000000
-0.040015 0.000000 -0.042011
0.506218 0.494219 0.493768 0.505653
1.000000 0.400000 0.600000
0.500000
0.866025 2.000000 0 1 0.500000 0.500000 0.500000
1.332552 0.503435 -101.987305
0.000000 0.000000 0.000000
0.094564 0.046204 0.033618
0.608285 -0.608440 0.360408 0.360411
0.600000 0.700000 1.000000
0.500000
0.866025 2.000000 0 1 0.500000 0.500000 0.500000
-20.548372 0.500338 -38.811279
0.000000 0.000000 0.000000
0.000000 0.000000 0.000000
-0.674834 0.211225 0.211214 -0.674812
0.800000 1.000000 0.200000
0.500000
0.866025 2.000000 0 1 0.500000 0.500000 0.500000
-18.419193 0.501072 -43.582840
0.000000 0.000000 0.000000
-0.048632 0.000000 -0.030283
0.553713 -0.553747 -0.439760 -0.439747
1.000000 0.400000 0.600000
0.500000
0.866025 2.000000 0 1 0.500000 0.500000 0.500000
1.975564 0.502239 -20.273481
0.000000 0.000000 0.000000
0.000000 0.000000 0.000000
0.008252 -0.008242 -0.707042 -0.707075
0.600000 0.700000 1.000000
0.500000
0.866025 2.000000 0 1 0.500000 0.500000 0.500000
-12.372267 0.509375 2.094519
0.000000 0.000000 0.000000
0.028406 -0.000000 0.049752
-0.562014 0.562025 -0.429087 -0.429130
0.800000 1.000000 0.200000
0.500000
0.866025 2.000000 0 1 0.500000 0.500000 0.500000
-14.237025 0.510062 -7.811925
0.000000 0.000000 0.000000
-0.019409 0.000000 -0.053890
0.597037 0.378950 0.378912 0.596967
1.000000 0.400000 0.600000
0.500000
0.866025 2.000000 0 1 0.500000 0.500000 0.500000
5.817395 0.504547 6.253524
0.000000 0.000000 0.000000
0.000000 0.000000 0.000000
-0.981827 0.000010 0.189777 0.000012
0.600000 0.700000 1.000000
0.500000
0.866025 2.000000 0 1 0.500000 0.500000 0.500000
-3.729692 0.712759 1.305761
0.000000 0.000000 0.000000
0.036936 -0.010494 -0.014714
-0.314856 0.338045 0.636786 -0.617329
0.800000 1.000000 0.200000
0.500000
